[2][1][5][4449.png][258]
[38][1][51][4589.png][289]
[19][1][59][4499.png][168]
[19][2][66][4479.png][177]
[19][3][67][7160.png][271]
[19][4][68][4461.png][282]
[19][5][69][4466.png][193]
[40][1][52][4066.png][283]
[45][1][46][4498.png][204]
[46][1][54][4547.png][166]
[49][1][53][4418.png][300]
[5][1][56][59528.png][278]
[47][1][57][4489.png][300]
[47][2][62][4475.png][310]
[35][1][58][4718.png][271]
[4][1][55][4540.png][236]
[48][1][63][4462.png][265]
[17][1][48][4378.png][221]
[32][1][70][4493.png][303]
[3][1][71][4568.png][292]
[29][1][72][4494.png][274]
[24][1][73][4603.png][339]
[16][1][74][4429.png][275]
[15][1][75][4576.png][308]
[0][1][76][4443.png][259]
[20][1][60][2410.png][249]
[0][2][64][4599.png][327]
[33][1][61][10982.png][257]
[1][1][47][4472.png][222]
[42][1][50][4496.png][303]
[42][2][77][4478.png][222]
[42][3][78][4538.png][295]
[39][1][49][4516.png][248]
[41][1][79][4642.png][286]
[32][2][65][4502.png][281]
[4][2][80][4415.png][329]
[48][2][81][4574.png][347]
[19][6][82][4480.png][282]
